dipm: stn_list: [0.0, 0.0, 0.0, 0.0, 0.0, 0.0]
dipm: stn_list: [0.05000000000218091, 0.05000000000218091, 0.05000000000218091, 0.05000000000218091, 0.05000000000218091, 0.05000000000218091]
dipm: stn_list: [0.20999999874777037, 0.050000000000000544, 0.050000000000000544, 0.050000000000000544, 0.050000000000000544, 0.050000000000000544]
dipm: stn_list: [0.20999999999999844, 0.24999999998700698, 0.050000000000000544, 0.050000000000000544, 0.050000000000000544, 0.050000000000000544]
dipm: stn_list: [0.24999999999910774, 0.25, 0.050000000000000544, 0.050000000000000544, 0.050000000000000544, 0.050000000000000544]
dipm: stn_list: [0.21000000065363883, 0.25, 0.050000000000000544, 0.050000000000000544, 0.050000000000000544, 0.050000000000000544]
scpm: stn_list: [0.0, 0.0, 0.0, 0.0, 0.0, 0.0]
scpm: stn_list: [0.008620686712722453, 0.008620686712722453, 0.008620686712722453, 0.008620686712722453, 0.008620686712722453, 0.008620686712722453]
scpm: stn_list: [0.3388888888804442, -0.0, -0.0, -0.0, -0.0, -0.0]
scpm: stn_list: [0.123846154821071, 0.4838461528936947, -0.0, -0.0, -0.0, -0.0]
scpm: stn_list: [0.3730769227506862, 0.3730769234134492, -0.0, -0.0, -0.0, -0.0]
scpm: stn_list: [0.12384615417239181, 0.48384615350962523, -0.0, -0.0, -0.0, -0.0]